[gd_scene load_steps=11 format=2]

[ext_resource path="res://main.gd" type="Script" id=1]
[ext_resource path="res://Fonts/DroidSerif-Regular.ttf" type="DynamicFontData" id=2]
[ext_resource path="res://YCbCr.shader" type="Shader" id=3]

[sub_resource type="Environment" id=1]
background_mode = 6
ambient_light_sky_contribution = 0.0
ssao_blur = 1

[sub_resource type="CubeMesh" id=2]

[sub_resource type="DynamicFont" id=3]
resource_name = "LargeDroid"
size = 48
font_data = ExtResource( 2 )

[sub_resource type="CameraTexture" id=5]
camera_feed_id = 1
which_feed = 1

[sub_resource type="CameraTexture" id=6]
camera_feed_id = 1

[sub_resource type="ShaderMaterial" id=7]
shader = ExtResource( 3 )
shader_param/flip_horz = true
shader_param/flip_vert = false
shader_param/camera_y = SubResource( 6 )
shader_param/camera_CbCr = SubResource( 5 )

[sub_resource type="QuadMesh" id=4]
material = SubResource( 7 )
size = Vector2( 1.5, 1 )

[node name="Spatial" type="Spatial"]
script = ExtResource( 1 )

[node name="Camera" type="Camera" parent="."]
transform = Transform( 1, 0, 0, 0, 1, 0, 0, 0, 1, 0, 0, 1.63313 )
environment = SubResource( 1 )
fov = 65.0
near = 0.1

[node name="DirectionalLight" type="DirectionalLight" parent="."]
transform = Transform( 0.693434, 0.41782, -0.587006, 0, 0.814697, 0.579886, 0.720521, -0.402113, 0.564939, 0, 1.76843, 0 )
shadow_bias = 1.0
directional_shadow_normal_bias = 0.2

[node name="Cube" type="MeshInstance" parent="."]
transform = Transform( 0.817537, 0, -0.575876, -0.178954, 0.950491, -0.25405, 0.547365, 0.310751, 0.777062, 3.97921, 0, -7.71599 )
mesh = SubResource( 2 )
material/0 = null

[node name="FPS" type="Label" parent="."]
margin_left = 16.0
margin_top = 86.0
margin_right = 201.0
margin_bottom = 143.0
custom_fonts/font = SubResource( 3 )
text = "FPS"

[node name="CameraFeeds" type="OptionButton" parent="."]
margin_left = 13.0
margin_top = 15.0
margin_right = 661.0
margin_bottom = 78.0
focus_mode = 0
custom_fonts/font = SubResource( 3 )
enabled_focus_mode = 0
flat = true

[node name="MeshInstance" type="MeshInstance" parent="."]
transform = Transform( 0.88365, 0, 0.468149, 0, 1, 0, -0.468149, 0, 0.88365, -0.860442, 0, -0.678389 )
mesh = SubResource( 4 )
material/0 = null
[connection signal="item_selected" from="CameraFeeds" to="." method="_on_CameraFeeds_item_selected"]
